# tools/fps.mjs  scene=dusk-highway-chase  viewport 1280x720 dsf 1  warmup 2.5s  measure 8.0s  repeat 3
# frame time is rAF-to-rAF from window.__frameStats. Invalid under concurrent load.

    scenario   res  run     n     mean      p50      p90       p99       max  fpsP50  >16.7%  renderW  renderH  ratio  dpr resScale  calls      tris  progs   geos   texs    km/h  |slip|
      cruise  1.00    1   457    17.53    16.65    33.18     39.40     72.15   60.04   49.67     1280      720      1    1        1    746   1016419    130    392     92  276.55    0.00
      cruise  1.00    2   477    16.82    16.33    33.63     49.77     71.85   61.24   43.40     1280      720      1    1        1    689    917047    130    392     92  276.54    0.00
      cruise  1.00    3   467    17.16    16.50    33.05     46.73     75.76   60.62   46.47     1280      720      1    1        1    691    921166    130    392     92  276.55    0.00
   SPREAD cruise       res 1.00  p50 across 3 runs: min 16.33  med 16.50  max 16.65  range 1.99%   [16.65, 16.33, 16.50]
       boost  1.00    1   330    24.33    23.94    29.33     81.03     93.04   41.77   89.39     1280      720      1    1        1    974   1283450    146    394     94  280.80    0.00
       boost  1.00    2   329    24.36    23.84    29.68     80.24    101.12   41.95   88.75     1280      720      1    1        1    974   1283751    146    394     94  280.80    0.00
       boost  1.00    3   332    24.13    23.95    29.51     75.45     95.46   41.75   89.76     1280      720      1    1        1    975   1284980    146    394     94  280.80    0.00
   SPREAD boost        res 1.00  p50 across 3 runs: min 23.84  med 23.94  max 23.95  range 0.46%   [23.94, 23.84, 23.95]
      corner  1.00    1   599    13.36    13.30    17.07     33.86     54.19   75.22   11.35     1280      720      1    1        1    613    796586    126    392     92  243.33    0.16
      corner  1.00    2   611    13.14    13.17    16.63     33.63     50.49   75.96    9.82     1280      720      1    1        1    566    736302    126    392     92  243.73    0.15
      corner  1.00    3   604    13.27    13.17    17.13     33.34     51.19   75.96   11.75     1280      720      1    1        1    574    737406    126    392     92  243.30    0.16
   SPREAD corner       res 1.00  p50 across 3 runs: min 13.17  med 13.17  max 13.30  range 0.99%   [13.30, 13.17, 13.17]
        city  1.00    1   349    22.98    22.53    29.59     46.74     49.97   44.38   92.84     1280      720      1    1        1   2273   3972599    130    392     92   80.85    0.02
        city  1.00    2   355    22.59    22.30    28.38     44.19     53.41   44.84   93.24     1280      720      1    1        1   2295   4024963    130    392     92   80.93    0.02
        city  1.00    3   353    22.71    22.82    28.49     41.85     51.34   43.83   92.92     1280      720      1    1        1   2278   3984559    130    392     92   80.37    0.02
   SPREAD city         res 1.00  p50 across 3 runs: min 22.30  med 22.53  max 22.82  range 2.31%   [22.53, 22.30, 22.82]
   night-wet  1.00    1   160    50.26    49.95    67.20    102.36    105.22   20.02   98.75     1280      720      1    1        1   2266   3560290    182    750     97   58.90    0.02
   night-wet  1.00    2   156    51.28    50.14    68.75     95.83    123.63   19.94  100.00     1280      720      1    1        1   2122   3297410    182    750     97   57.57    0.01
   night-wet  1.00    3   160    50.37    48.81    67.77    105.43    108.33   20.49   99.38     1280      720      1    1        1   2167   3371465    182    750     97   58.92    0.02
   SPREAD night-wet    res 1.00  p50 across 3 runs: min 48.81  med 49.95  max 50.14  range 2.72%   [49.95, 50.14, 48.81]

json /Users/robray/fc/demos/burnout-gauntlet/verdicts/wave-s/perf-final-scenarios.json
