# tools/fps.mjs  scene=dusk-highway-chase  viewport 1280x720 dsf 1  warmup 2.5s  measure 8.0s  repeat 3
# frame time is rAF-to-rAF from window.__frameStats. Invalid under concurrent load.

    scenario   res  run     n     mean      p50      p90       p99       max  fpsP50  >16.7%  renderW  renderH  ratio  dpr resScale  calls      tris  progs   geos   texs    km/h  |slip|
      cruise  1.00    1   500    16.00    15.96    29.10     34.72     60.70   62.66   30.00     1280      720      1    1        1    690    921191    181    394     92  276.56    0.00
      cruise  1.00    2   498    16.10    16.03    31.32     34.51     56.10   62.38   31.12     1280      720      1    1        1    689    920745    181    394     92  276.57    0.00
      cruise  1.00    3   502    15.94    15.93    29.92     34.61     70.76   62.75   28.09     1280      720      1    1        1    689    921038    181    394     92  276.53    0.00
   SPREAD cruise       res 1.00  p50 across 3 runs: min 15.93  med 15.96  max 16.03  range 0.60%   [15.96, 16.03, 15.93]
       boost  1.00    1   348    23.10    22.85    27.16     79.41    109.32   43.75   93.10     1280      720      1    1        1    918   1192197    195    394     94  280.80    0.00
       boost  1.00    2   345    23.28    22.92    27.44     79.16    113.47   43.64   94.20     1280      720      1    1        1    918   1191442    195    394     94  280.80    0.00
       boost  1.00    3   346    23.16    22.97    27.76     76.45     92.23   43.54   92.77     1280      720      1    1        1    918   1190996    195    394     94  280.80    0.00
   SPREAD boost        res 1.00  p50 across 3 runs: min 22.85  med 22.92  max 22.97  range 0.48%   [22.85, 22.92, 22.97]
      corner  1.00    1   628    12.75    13.17    15.69     32.40     37.48   75.93    5.41     1280      720      1    1        1    570    737042    178    394     92  243.60    0.15
      corner  1.00    2   632    12.67    13.20    15.62     31.33     49.69   75.76    5.06     1280      720      1    1        1    565    736185    178    394     92  243.38    0.16
      corner  1.00    3   637    12.57    12.97    15.36     32.88     49.35   77.13    4.08     1280      720      1    1        1    565    736117    178    394     92  243.30    0.16
   SPREAD corner       res 1.00  p50 across 3 runs: min 12.97  med 13.17  max 13.20  range 1.81%   [13.17, 13.20, 12.97]
        city  1.00    1   369    21.74    21.36    26.64     35.82     50.94   46.82   95.93     1280      720      1    1        1   2327   4100695    181    394     92   74.09    0.01
        city  1.00    2   365    21.94    21.89    26.84     37.03     43.66   45.69   95.62     1280      720      1    1        1   2365   4199664    181    394     92   74.74    0.01
        city  1.00    3   369    21.74    21.55    26.56     36.01     42.74   46.39   95.93     1280      720      1    1        1   2334   4119172    181    394     92   75.85    0.01
   SPREAD city         res 1.00  p50 across 3 runs: min 21.36  med 21.55  max 21.89  range 2.46%   [21.36, 21.89, 21.55]
   night-wet  1.00    1   235    34.16    33.35    50.32     53.81     54.75   29.98   99.57     1280      720      1    1        1   2324   3742448    234    465     97   58.61    0.02
   night-wet  1.00    2   235    34.11    33.34    50.34     52.76     53.90   29.99   99.57     1280      720      1    1        1   2328   3745881    234    465     97   55.80    0.03
   night-wet  1.00    3   234    34.30    34.01    50.54     54.60     70.39   29.40   99.15     1280      720      1    1        1   2325   3747610    234    465     97   58.61    0.02
   SPREAD night-wet    res 1.00  p50 across 3 runs: min 33.34  med 33.35  max 34.01  range 2.02%   [33.35, 33.34, 34.01]

json /Users/robray/fc/demos/burnout-gauntlet/verdicts/wave-s/perf-r2-final-scenarios.json
