# tools/fps.mjs  scene=dusk-highway-chase  viewport 1280x720 dsf 1  warmup 2.5s  measure 8.0s  repeat 3
# frame time is rAF-to-rAF from window.__frameStats. Invalid under concurrent load.

    scenario   res  run     n     mean      p50      p90       p99       max  fpsP50  >16.7%  renderW  renderH  ratio  dpr resScale  calls      tris  progs   geos   texs    km/h  |slip|
      cruise  1.00    1   128    62.74    56.26   160.95    178.32    178.53   17.77   65.63     1280      720      1    1        1    984  13230393    132    392     92  271.61    0.00
      cruise  1.00    2    81    98.75    59.91   250.86    330.35    363.27   16.69   70.37     1280      720      1    1        1   1012  13230538    132    392     92  266.68    0.00
      cruise  1.00    3   216    42.52    25.90    99.88    198.11    231.38   38.61   63.43     1280      720      1    1        1    967  13230320    132    392     92  274.88    0.00
   SPREAD cruise       res 1.00  p50 across 3 runs: min 25.90  med 56.26  max 59.91  range 131.31%   [56.26, 59.91, 25.90]
       boost  1.00    1   170    47.72    28.11    95.70    114.48    141.66   35.57   74.71     1280      720      1    1        1   1330  17064954    148    395     94  280.80    0.00
       boost  1.00    2   157    51.19    29.58   102.72    122.76    166.68   33.81   73.25     1280      720      1    1        1   1337  17064991    148    395     94  280.80    0.00
       boost  1.00    3   137    59.17    42.62   127.03    186.81    193.98   23.46   72.26     1280      720      1    1        1   1347  17065046    148    395     94  308.48    0.00
   SPREAD boost        res 1.00  p50 across 3 runs: min 28.11  med 29.58  max 42.62  range 51.59%   [28.11, 29.58, 42.62]
      corner  1.00    1   248    32.50    31.82    61.38     91.61    117.98   31.42   60.48     1280      720      1    1        1    893  12071667    132    392     92  246.89    0.09
      corner  1.00    2   254    31.48    28.94    60.73    109.38    140.19   34.55   59.84     1280      720      1    1        1    919  12457875    132    392     92  248.11    0.06
      corner  1.00    3   173    46.81    27.47   120.05    158.56    184.38   36.40   65.90     1280      720      1    1        1    915  12457865    132    392     92  252.91    0.02
   SPREAD corner       res 1.00  p50 across 3 runs: min 27.47  med 28.94  max 31.82  range 15.85%   [31.82, 28.94, 27.47]
        city  1.00    1   209    38.46    32.78    73.45    110.64    145.74   30.50   71.77     1280      720      1    1        1    964  11686000    132    392     92   58.58    0.01
        city  1.00    2   138    58.49    40.42   143.03    210.55    235.36   24.74   69.57     1280      720      1    1        1   1041  12844718    132    392     92  257.02    0.00
        city  1.00    3   188    43.03    31.66    86.48    174.64    238.10   31.59   68.09     1280      720      1    1        1    978  12072147    132    392     92  180.40    0.19
   SPREAD city         res 1.00  p50 across 3 runs: min 31.66  med 32.78  max 40.42  range 27.69%   [32.78, 40.42, 31.66]
   night-wet  1.00    1    72   112.81    27.91   358.59    461.14    474.03   35.83   52.78     1280      720      1    1        1   2030  20941439    188    750     97  236.03    0.00
   night-wet  1.00    2    89    91.58    25.10   322.01    428.36    450.01   39.85   50.56     1280      720      1    1        1   2028  20941429    188    750     97  235.71    0.00
   night-wet  1.00    3   129    64.32    25.34   197.15    316.38    370.47   39.46   53.49     1280      720      1    1        1   1990  20941218    188    750     97  241.99    0.00
   SPREAD night-wet    res 1.00  p50 across 3 runs: min 25.10  med 25.34  max 27.91  range 11.22%   [27.91, 25.10, 25.34]

json /Users/robray/fc/demos/burnout-gauntlet/verdicts/wave-s/perf-baseline.json
